==============================
0.9646136801125411 0.0046373190958904865 0.2636265225870543 0.7433979057290502
-0.020233712164500633 0.9981988691205537 0.05647667287023929 0.02594445322856025
-0.2628897963630081 -0.05981231443482832 0.9629701148063555 0.836016779537641
0.0 -0.0 -0.0 1.0
==============================
0.9644706310864809 0.00476798130904716 0.2641470577649506 0.7435588545224977
-0.020345054299052454 0.9982084457016951 0.05626702138353055 0.02596938452121398
-0.2634055438619548 -0.05964197585629314 0.9628397344203994 0.8360632583959667
0.0 -0.0 -0.0 1.0
==============================
0.9645432328253439 0.004793173713352578 0.2638813701203404 0.7434566477558491
-0.02037339787591934 0.9982038834462162 0.05633765820374385 0.025940303161530103
-0.2631373722408582 -0.059716267119152774 0.9629084539931768 0.835999246677435
0.0 -0.0 -0.0 1.0
==============================
0.9643055382419887 0.0037927186740809994 0.26476488475794335 0.7437228963797113
-0.019464420454199143 0.9982076017864583 0.056592579655902565 0.02606779462804984
-0.2640756809178193 -0.059726033024023954 0.9626509417888727 0.836103341953854
0.0 -0.0 -0.0 1.0
==============================
0.96438627789073 0.0037474226577613088 0.26447129114421397 0.7436957538253908
-0.019466509244819435 0.9981934958272061 0.056840125845065446 0.02611743024614022
-0.26378051867771596 -0.05996417023261153 0.9627170592933467 0.8362221130352055
0.0 -0.0 -0.0 1.0
==============================
0.9648975489774253 0.0022733884234114364 0.2626167391512445 0.7442384490652324
-0.018323133068629524 0.9981085580230267 0.05868193244725004 0.00022695412085830963
-0.26198660800106904 -0.061434014245128246 0.96311415684841 0.8369183826143081
0.0 -0.0 -0.0 1.0
==============================
0.9648911634404937 0.002321395426186582 0.2626397796178759 0.7442677204881545
-0.018384844246382454 0.9981051464927422 0.058720644127410015 0.0002548217989631615
-0.2620058018756215 -0.06148762207125069 0.9631055145286708 0.836955464972063
0.0 -0.0 -0.0 1.0
==============================
0.9648786944240915 0.002549703720628864 0.2626834674230499 0.7442662495020824
-0.01855363101881976 0.9981171840672489 0.05846237803650114 0.00024648814714371264
-0.262039821062519 -0.061282835122098374 0.9631093117070982 0.8369214978107531
0.0 -0.0 -0.0 1.0
==============================
0.9649492351662399 0.0022623640198851346 0.2624268569737658 0.7442058198942957
-0.01832340963543407 0.9981033127833491 0.058770993442650646 0.0002919146402812249
-0.26179615392786026 -0.06151957997211565 0.9631604825098644 0.8369487659669501
0.0 -0.0 -0.0 1.0
==============================
0.9649272777390951 0.002117484713906336 0.2625087902023615 0.744194873229153
-0.018178474216024792 0.9981060686820051 0.0587691988658178 0.0002444388469332174
-0.2618871737031014 -0.06148001235067452 0.9631382643894709 0.8368621386087544
0.0 -0.0 -0.0 1.0
==============================
0.9649433149534519 0.0021821389653444846 0.26244930404971384 0.7441769457338328
-0.018243434523338833 0.9981044476769851 0.058776599290982424 0.00023074266131592588
-0.2618235589541854 -0.0615040632556581 0.9631540241205495 0.8368618133990386
0.0 -0.0 -0.0 1.0
==============================
0.96493982141974 0.002449622401723551 0.2624597881362589 0.7442121789763496
-0.018555103673482985 0.9980912635576918 0.058902782086046296 0.0002709477263644107
-0.26181453199948096 -0.061707608606224026 0.9631434586155864 0.8369217865917757
0.0 -0.0 -0.0 1.0
==============================
0.9649765549917066 0.0024421564675206737 0.26232476853726006 0.7441918856303005
-0.018482984750743277 0.9981046255313675 0.05869868625099217 0.0002538776328951354
-0.2616842134922217 -0.06149140073763789 0.9631927014072941 0.8369712711981411
0.0 -0.0 -0.0 1.0
==============================
0.9649434850442365 0.0028477300041337503 0.26244230052433737 0.7442151006607184
-0.01887628950730203 0.9981046066270001 0.05857371359575709 0.00023819889146700808
-0.2617780670054685 -0.06147426017273259 0.9631682921333611 0.8369281390404074
0.0 -0.0 -0.0 1.0
==============================
0.9649769930478068 0.002843947083945277 0.2623191088224346 0.7441678275268261
-0.01889008158853655 0.9980987594965791 0.05866882569958565 0.00025011358887240163
-0.2616535260721532 -0.061569296377120046 0.9631960620962045 0.8369109839331393
0.0 -0.0 -0.0 1.0
==============================
0.964971313750815 0.0028299251077647082 0.2623401516388776 0.7441814831390832
-0.018877173197970318 0.9980989596482693 0.058669575429656375 0.00024993580752692604
-0.26167540192016275 -0.06156669775882698 0.9631902853315094 0.8368969505625696
0.0 -0.0 -0.0 1.0
==============================
0.964894431006634 0.002632594046559594 0.2626248397638161 0.7442645867813468
-0.018655883990989348 0.9981108893885989 0.05853725716511152 0.00023935398394019187
-0.26197460755748603 -0.061381771988805206 0.9631207520672656 0.8369504679687036
0.0 -0.0 -0.0 1.0
==============================
0.9650093647798217 0.002329668708307304 0.26220506961337464 0.7441085359468084
-0.01850288287091623 0.9980728977680743 0.05922950334338716 0.00028550769419153526
-0.2615617885179528 -0.062008575088843075 0.9631927986663631 0.8368263838846703
0.0 -0.0 -0.0 1.0
==============================
0.9649793612734252 0.002337793697332485 0.26231539611117405 0.7441529558908562
-0.01848681144078101 0.9980801395362298 0.059112374898097175 0.0002695799229736273
-0.2616735946156708 -0.061891597038442075 0.9631699539006315 0.8368636186608704
0.0 -0.0 -0.0 1.0
